0 0.477691 0.196794 0.498560 0.196794 0.498560 0.229172 0.477691 0.229172
0 0.968611 0.202212 0.983101 0.202212 0.983101 0.229270 0.968611 0.229270
0 0.479306 0.650712 0.500568 0.650712 0.500568 0.682029 0.479306 0.682029
0 0.476171 0.274918 0.553747 0.274918 0.553747 0.325371 0.476171 0.325371
0 0.477928 0.423928 0.499825 0.423928 0.499825 0.455605 0.477928 0.455605
0 0.707102 0.193563 0.727610 0.193563 0.727610 0.225569 0.707102 0.225569
0 0.590133 0.727702 0.668085 0.727702 0.668085 0.780406 0.590133 0.780406
0 0.705159 0.047839 0.782399 0.047839 0.782399 0.099263 0.705159 0.099263
0 0.590590 0.048791 0.668776 0.048791 0.668776 0.099887 0.590590 0.099887
0 0.536394 0.201676 0.550814 0.201676 0.550814 0.228464 0.536394 0.228464
0 0.589951 0.274332 0.668658 0.274332 0.668658 0.325814 0.589951 0.325814
0 0.704124 0.275288 0.781813 0.275288 0.781813 0.326096 0.704124 0.326096
0 0.476732 0.049194 0.553816 0.049194 0.553816 0.100014 0.476732 0.100014
0 0.968171 0.428248 0.981980 0.428248 0.981980 0.456330 0.968171 0.456330
0 0.624294 0.201480 0.638894 0.201480 0.638894 0.228623 0.624294 0.228623
0 0.476312 0.727337 0.554376 0.727337 0.554376 0.779298 0.476312 0.779298
0 0.476517 0.500754 0.553924 0.500754 0.553924 0.552665 0.476517 0.552665
0 0.936743 0.646869 0.957704 0.646869 0.957704 0.679535 0.936743 0.679535
0 0.510190 0.226613 0.524581 0.226613 0.524581 0.252356 0.510190 0.252356
0 0.393845 0.420450 0.419035 0.420450 0.419035 0.473661 0.393845 0.473661
0 0.392688 0.193858 0.418127 0.193858 0.418127 0.246372 0.392688 0.246372
0 0.590545 0.502117 0.668587 0.502117 0.668587 0.552798 0.590545 0.552798
0 0.592904 0.647073 0.614282 0.647073 0.614282 0.677860 0.592904 0.677860
0 0.510523 0.453013 0.524891 0.453013 0.524891 0.478618 0.510523 0.478618
0 0.822065 0.194185 0.842131 0.194185 0.842131 0.225314 0.822065 0.225314
0 0.704395 0.501176 0.781501 0.501176 0.781501 0.552667 0.704395 0.552667
0 0.393272 0.647415 0.418611 0.647415 0.418611 0.699960 0.393272 0.699960
0 0.947146 0.698602 0.973461 0.698602 0.973461 0.713011 0.947146 0.713011
0 0.818825 0.274386 0.895972 0.274386 0.895972 0.325289 0.818825 0.325289
0 0.936077 0.194425 0.957359 0.194425 0.957359 0.226592 0.936077 0.226592
0 0.819170 0.049221 0.895637 0.049221 0.895637 0.100324 0.819170 0.100324
0 0.821844 0.646284 0.842759 0.646284 0.842759 0.678204 0.821844 0.678204
0 0.819531 0.501046 0.895853 0.501046 0.895853 0.553451 0.819531 0.553451
0 0.705620 0.728475 0.783569 0.728475 0.783569 0.779483 0.705620 0.779483
0 0.430220 0.195010 0.455497 0.195010 0.455497 0.246372 0.430220 0.246372
0 0.510678 0.678256 0.525003 0.678256 0.525003 0.705468 0.510678 0.705468
0 0.430371 0.421960 0.455829 0.421960 0.455829 0.473519 0.430371 0.473519
0 0.947257 0.245741 0.973033 0.245741 0.973033 0.260266 0.947257 0.260266
0 0.325831 0.738898 0.335062 0.738898 0.335062 0.761974 0.325831 0.761974
0 0.604986 0.699062 0.630583 0.699062 0.630583 0.711783 0.604986 0.711783
0 0.595130 0.195192 0.615234 0.195192 0.615234 0.227646 0.595130 0.227646
0 0.293588 0.221889 0.324870 0.221889 0.324870 0.241116 0.293588 0.241116
0 0.325860 0.671466 0.334597 0.671466 0.334597 0.693298 0.325860 0.693298
0 0.294140 0.707588 0.325706 0.707588 0.325706 0.726528 0.294140 0.726528
0 0.820345 0.727484 0.897179 0.727484 0.897179 0.778600 0.820345 0.778600
0 0.595588 0.420331 0.615550 0.420331 0.615550 0.451749 0.595588 0.451749
0 0.873183 0.934072 0.927066 0.934072 0.927066 0.958933 0.873183 0.958933
0 0.936202 0.419526 0.957253 0.419526 0.957253 0.452272 0.936202 0.452272
0 0.947471 0.472708 0.973675 0.472708 0.973675 0.485705 0.947471 0.485705
0 0.785369 0.793958 0.818483 0.793958 0.818483 0.813650 0.785369 0.813650
0 0.821912 0.421393 0.842949 0.421393 0.842949 0.453495 0.821912 0.453495
0 0.624713 0.427533 0.639243 0.427533 0.639243 0.455025 0.624713 0.455025
0 0.900585 0.793779 0.933703 0.793779 0.933703 0.814673 0.900585 0.814673
0 0.555990 0.342039 0.589015 0.342039 0.589015 0.362175 0.555990 0.362175
0 0.703726 0.339575 0.712804 0.339575 0.712804 0.362711 0.703726 0.362711
0 0.968500 0.655392 0.982583 0.655392 0.982583 0.682368 0.968500 0.682368
0 0.292951 0.290239 0.324180 0.290239 0.324180 0.308505 0.292951 0.308505
0 0.020304 0.590648 0.047452 0.590648 0.047452 0.639854 0.020304 0.639854
0 0.325191 0.477830 0.334512 0.477830 0.334512 0.499824 0.325191 0.499824
0 0.659955 0.112829 0.669242 0.112829 0.669242 0.136469 0.659955 0.136469
0 0.325070 0.409302 0.334425 0.409302 0.334425 0.431396 0.325070 0.431396
0 0.708129 0.419545 0.728414 0.419545 0.728414 0.451874 0.708129 0.451874
0 0.294201 0.513886 0.325259 0.513886 0.325259 0.532633 0.294201 0.532633
0 0.284157 0.545543 0.293370 0.545543 0.293370 0.568641 0.284157 0.568641
0 0.703182 0.112859 0.712567 0.112859 0.712567 0.136182 0.703182 0.136182
0 0.325512 0.636693 0.334615 0.636693 0.334615 0.659392 0.325512 0.659392
0 0.294112 0.638780 0.325539 0.638780 0.325539 0.657619 0.294112 0.657619
0 0.260289 0.921992 0.287764 0.921992 0.287764 0.971937 0.260289 0.971937
0 0.325405 0.321937 0.334397 0.321937 0.334397 0.344544 0.325405 0.344544
0 0.293531 0.548136 0.325089 0.548136 0.325089 0.567062 0.293531 0.567062
0 0.832692 0.471657 0.859138 0.471657 0.859138 0.485780 0.832692 0.485780
0 0.324478 0.253127 0.334242 0.253127 0.334242 0.276363 0.324478 0.276363
0 0.536360 0.428392 0.551081 0.428392 0.551081 0.455729 0.536360 0.455729
0 0.900015 0.114519 0.932139 0.114519 0.932139 0.135399 0.900015 0.135399
0 0.283544 0.670391 0.293478 0.670391 0.293478 0.693410 0.283544 0.693410
0 0.296007 0.807044 0.305755 0.807044 0.305755 0.831088 0.296007 0.831088
0 0.325175 0.184439 0.334438 0.184439 0.334438 0.207666 0.325175 0.207666
0 0.430973 0.726973 0.456561 0.726973 0.456561 0.779518 0.430973 0.779518
0 0.294176 0.187715 0.324979 0.187715 0.324979 0.206111 0.294176 0.206111
0 0.703830 0.565506 0.713158 0.565506 0.713158 0.589724 0.703830 0.589724
0 0.832971 0.697954 0.858724 0.697954 0.858724 0.712594 0.832971 0.712594
0 0.283582 0.442913 0.293459 0.442913 0.293459 0.465943 0.283582 0.465943
0 0.431064 0.647625 0.456310 0.647625 0.456310 0.699031 0.431064 0.699031
0 0.294025 0.411983 0.324515 0.411983 0.324515 0.430407 0.294025 0.430407
0 0.325140 0.773028 0.334884 0.773028 0.334884 0.796288 0.325140 0.796288
0 0.819702 0.890386 0.872847 0.890386 0.872847 0.917449 0.819702 0.917449
0 0.283470 0.094604 0.292896 0.094604 0.292896 0.117372 0.283470 0.117372
0 0.293951 0.256128 0.323800 0.256128 0.323800 0.275113 0.293951 0.275113
0 0.430888 0.049133 0.455838 0.049133 0.455838 0.102260 0.430888 0.102260
0 0.294266 0.775945 0.325220 0.775945 0.325220 0.794801 0.294266 0.794801
0 0.305845 0.810141 0.336353 0.810141 0.336353 0.829444 0.305845 0.829444
0 0.325118 0.546485 0.334493 0.546485 0.334493 0.568461 0.325118 0.568461
0 0.293860 0.097072 0.325482 0.097072 0.325482 0.116434 0.293860 0.116434
0 0.604420 0.245947 0.629616 0.245947 0.629616 0.259511 0.604420 0.259511
0 0.925810 0.891296 0.977993 0.891296 0.977993 0.917986 0.925810 0.917986
0 0.430577 0.501521 0.457223 0.501521 0.457223 0.553771 0.430577 0.553771
0 0.365430 0.652389 0.379314 0.652389 0.379314 0.677930 0.365430 0.677930
0 0.706135 0.226164 0.728679 0.226164 0.728679 0.235056 0.706135 0.235056
0 0.295188 0.579450 0.305886 0.579450 0.305886 0.603088 0.295188 0.603088
0 0.536357 0.654860 0.550137 0.654860 0.550137 0.682103 0.536357 0.682103
0 0.325354 0.511880 0.334511 0.511880 0.334511 0.534466 0.325354 0.534466
0 0.899667 0.568285 0.932771 0.568285 0.932771 0.588674 0.899667 0.588674
0 0.292647 0.446140 0.324826 0.446140 0.324826 0.465004 0.292647 0.465004
0 0.283090 0.408640 0.293013 0.408640 0.293013 0.431722 0.283090 0.431722
0 0.284184 0.738680 0.293455 0.738680 0.293455 0.762090 0.284184 0.762090
0 0.283267 0.184755 0.293258 0.184755 0.293258 0.207707 0.283267 0.207707
0 0.476281 0.682184 0.501568 0.682184 0.501568 0.690942 0.476281 0.690942
0 0.284698 0.636745 0.293603 0.636745 0.293603 0.659370 0.284698 0.659370
0 0.370949 0.718807 0.398658 0.718807 0.398658 0.733534 0.370949 0.733534
0 0.556081 0.113864 0.588752 0.113864 0.588752 0.135021 0.556081 0.135021
0 0.260129 0.840329 0.287085 0.840329 0.287085 0.891194 0.260129 0.891194
0 0.283468 0.253811 0.292967 0.253811 0.292967 0.276335 0.283468 0.276335
0 0.854172 0.427209 0.868831 0.427209 0.868831 0.454661 0.854172 0.454661
0 0.818568 0.565461 0.827470 0.565461 0.827470 0.589387 0.818568 0.589387
0 0.774996 0.339424 0.784663 0.339424 0.784663 0.362794 0.774996 0.362794
0 0.854003 0.201183 0.868767 0.201183 0.868767 0.228576 0.854003 0.228576
0 0.873077 0.890255 0.883774 0.890255 0.883774 0.918524 0.873077 0.918524
0 0.294651 0.062844 0.326332 0.062844 0.326332 0.081659 0.294651 0.081659
0 0.327015 0.059939 0.335390 0.059939 0.335390 0.082996 0.327015 0.082996
0 0.899969 0.341546 0.933038 0.341546 0.933038 0.362075 0.899969 0.362075
0 0.284803 0.026515 0.293931 0.026515 0.293931 0.049098 0.284803 0.049098
0 0.671306 0.794045 0.703977 0.794045 0.703977 0.813956 0.671306 0.813956
0 0.557256 0.794093 0.589444 0.794093 0.589444 0.813902 0.557256 0.813902
0 0.283586 0.321945 0.293265 0.321945 0.293265 0.344475 0.283586 0.344475
0 0.588763 0.112622 0.598361 0.112622 0.598361 0.136783 0.588763 0.136783
0 0.889606 0.565218 0.898906 0.565218 0.898906 0.589118 0.889606 0.589118
0 0.718530 0.699109 0.745231 0.699109 0.745231 0.711502 0.718530 0.711502
0 0.556719 0.566415 0.589657 0.566415 0.589657 0.587102 0.556719 0.587102
0 0.775298 0.565487 0.784841 0.565487 0.784841 0.589399 0.775298 0.589399
0 0.660556 0.339376 0.669976 0.339376 0.669976 0.362649 0.660556 0.362649
0 0.285322 0.060204 0.294057 0.060204 0.294057 0.082992 0.285322 0.082992
0 0.774848 0.112745 0.784102 0.112745 0.784102 0.136470 0.774848 0.136470
0 0.371296 0.040653 0.398727 0.040653 0.398727 0.054256 0.371296 0.054256
0 0.708000 0.647495 0.728851 0.647495 0.728851 0.677898 0.708000 0.677898
0 0.306062 0.582409 0.337336 0.582409 0.337336 0.601769 0.306062 0.601769
0 0.932821 0.340398 0.941488 0.340398 0.941488 0.363567 0.932821 0.363567
0 0.818949 0.791617 0.828056 0.791617 0.828056 0.815869 0.818949 0.815869
0 0.324688 0.218894 0.334037 0.218894 0.334037 0.241922 0.324688 0.241922
0 0.932125 0.113952 0.941277 0.113952 0.941277 0.136798 0.932125 0.136798
0 0.706642 0.678319 0.729121 0.678319 0.729121 0.688274 0.706642 0.688274
0 0.604244 0.471747 0.629693 0.471747 0.629693 0.485533 0.604244 0.485533
0 0.283611 0.477735 0.292084 0.477735 0.292084 0.499458 0.283611 0.499458
0 0.338549 0.355943 0.348007 0.355943 0.348007 0.378551 0.338549 0.378551
0 0.297131 0.127732 0.306685 0.127732 0.306685 0.151512 0.297131 0.151512
0 0.284665 0.705492 0.293742 0.705492 0.293742 0.727564 0.284665 0.727564
0 0.283244 0.219342 0.293561 0.219342 0.293561 0.242316 0.283244 0.242316
0 0.019550 0.087127 0.046208 0.087127 0.046208 0.135377 0.019550 0.135377
0 0.429282 0.274920 0.456673 0.274920 0.456673 0.327782 0.429282 0.327782
0 0.325686 0.705549 0.334721 0.705549 0.334721 0.727603 0.325686 0.727603
0 0.326503 0.025956 0.335724 0.025956 0.335724 0.049522 0.326503 0.049522
0 0.293678 0.479415 0.324569 0.479415 0.324569 0.498443 0.293678 0.498443
0 0.294254 0.674227 0.325734 0.674227 0.325734 0.692144 0.294254 0.692144
0 0.297026 0.355475 0.306714 0.355475 0.306714 0.378740 0.297026 0.378740
0 0.589162 0.340584 0.597898 0.340584 0.597898 0.364403 0.589162 0.364403
0 0.978677 0.889935 0.989278 0.889935 0.989278 0.919240 0.978677 0.919240
0 0.592240 0.678586 0.615262 0.678586 0.615262 0.688224 0.592240 0.688224
0 0.784879 0.114262 0.817431 0.114262 0.817431 0.135240 0.784879 0.135240
0 0.545468 0.112423 0.555157 0.112423 0.555157 0.136954 0.545468 0.136954
0 0.284386 0.511856 0.294022 0.511856 0.294022 0.534562 0.284386 0.534562
0 0.306928 0.358554 0.338200 0.358554 0.338200 0.376951 0.306928 0.376951
0 0.337554 0.580361 0.346925 0.580361 0.346925 0.602997 0.337554 0.602997
0 0.391110 0.474008 0.418998 0.474008 0.418998 0.483922 0.391110 0.483922
0 0.889593 0.792282 0.900389 0.792282 0.900389 0.815314 0.889593 0.815314
0 0.590726 0.565570 0.598052 0.565570 0.598052 0.589196 0.590726 0.589196
0 0.324526 0.443365 0.334461 0.443365 0.334461 0.466065 0.324526 0.466065
0 0.283961 0.773019 0.293928 0.773019 0.293928 0.796288 0.283961 0.796288
0 0.294115 0.324328 0.325260 0.324328 0.325260 0.342916 0.294115 0.342916
0 0.325859 0.094499 0.334358 0.094499 0.334358 0.117486 0.325859 0.117486
0 0.660731 0.565452 0.670905 0.565452 0.670905 0.589473 0.660731 0.589473
0 0.785993 0.566471 0.818063 0.566471 0.818063 0.586621 0.785993 0.586621
0 0.338802 0.128933 0.348168 0.128933 0.348168 0.151478 0.338802 0.151478
0 0.914861 0.890476 0.925151 0.890476 0.925151 0.918524 0.914861 0.918524
0 0.365656 0.198146 0.379127 0.198146 0.379127 0.224731 0.365656 0.224731
0 0.669814 0.114607 0.702437 0.114607 0.702437 0.134739 0.669814 0.134739
0 0.546674 0.565458 0.555764 0.565458 0.555764 0.589056 0.546674 0.589056
0 0.862169 0.932100 0.872243 0.932100 0.872243 0.959885 0.862169 0.959885
0 0.817827 0.112762 0.827010 0.112762 0.827010 0.136523 0.817827 0.136523
0 0.820489 0.225709 0.843213 0.225709 0.843213 0.234790 0.820489 0.234790
0 0.324163 0.287247 0.334147 0.287247 0.334147 0.310117 0.324163 0.310117
0 0.370148 0.265511 0.397427 0.265511 0.397427 0.279151 0.370148 0.279151
0 0.293792 0.741273 0.325471 0.741273 0.325471 0.760433 0.293792 0.760433
0 0.306832 0.131230 0.338456 0.131230 0.338456 0.150102 0.306832 0.150102
0 0.973783 0.698538 0.979064 0.698538 0.979064 0.713311 0.973783 0.713311
0 0.369836 0.493192 0.398487 0.493192 0.398487 0.507096 0.369836 0.507096
0 0.935267 0.452993 0.958037 0.452993 0.958037 0.461794 0.935267 0.461794
0 0.833032 0.019079 0.859902 0.019079 0.859902 0.032716 0.833032 0.032716
0 0.625117 0.654086 0.639771 0.654086 0.639771 0.681950 0.625117 0.681950
0 0.630072 0.697898 0.635687 0.697898 0.635687 0.713247 0.630072 0.713247
0 0.364336 0.425558 0.378490 0.425558 0.378490 0.451001 0.364336 0.451001
0 0.476677 0.456044 0.500558 0.456044 0.500558 0.464192 0.476677 0.464192
0 0.546009 0.340694 0.555769 0.340694 0.555769 0.364292 0.546009 0.364292
0 0.934674 0.226920 0.958055 0.226920 0.958055 0.235980 0.934674 0.235980
0 0.947867 0.019690 0.973845 0.019690 0.973845 0.033362 0.947867 0.033362
0 0.294408 0.028433 0.326536 0.028433 0.326536 0.047947 0.294408 0.047947
0 0.933128 0.565785 0.941493 0.565785 0.941493 0.589923 0.933128 0.589923
0 0.390970 0.636204 0.419134 0.636204 0.419134 0.647258 0.390970 0.647258
0 0.832274 0.244619 0.858554 0.244619 0.858554 0.259305 0.832274 0.259305
0 0.428687 0.636352 0.456619 0.636352 0.456619 0.647323 0.428687 0.647323
0 0.671239 0.567319 0.703150 0.567319 0.703150 0.587452 0.671239 0.587452
0 0.703749 0.793088 0.713124 0.793088 0.713124 0.815896 0.703749 0.815896
0 0.718535 0.471870 0.744624 0.471870 0.744624 0.485855 0.718535 0.485855
0 0.818044 0.339805 0.826928 0.339805 0.826928 0.362485 0.818044 0.362485
0 0.476903 0.186977 0.499724 0.186977 0.499724 0.196764 0.476903 0.196764
0 0.592155 0.637331 0.614885 0.637331 0.614885 0.645940 0.592155 0.645940
0 0.718525 0.019155 0.744935 0.019155 0.744935 0.032581 0.718525 0.032581
0 0.018859 0.136111 0.047128 0.136111 0.047128 0.149013 0.018859 0.149013
0 0.775251 0.792439 0.785337 0.792439 0.785337 0.815680 0.775251 0.815680
0 0.477614 0.639609 0.500692 0.639609 0.500692 0.650659 0.477614 0.650659
0 0.390724 0.409639 0.419035 0.409639 0.419035 0.420450 0.390724 0.420450
0 0.972736 0.472100 0.978935 0.472100 0.978935 0.486011 0.972736 0.486011
0 0.283582 0.287493 0.292600 0.287493 0.292600 0.310331 0.283582 0.310331
0 0.935014 0.679389 0.958509 0.679389 0.958509 0.688517 0.935014 0.688517
0 0.336743 0.807520 0.346929 0.807520 0.346929 0.830033 0.336743 0.830033
0 0.604348 0.019207 0.630617 0.019207 0.630617 0.032408 0.604348 0.032408
0 0.926571 0.933085 0.936436 0.933085 0.936436 0.960797 0.926571 0.960797
0 0.889226 0.112319 0.899297 0.112319 0.899297 0.135744 0.889226 0.135744
0 0.589424 0.791917 0.599125 0.791917 0.599125 0.816319 0.589424 0.816319
0 0.934767 0.184776 0.958038 0.184776 0.958038 0.193743 0.934767 0.193743
0 0.630658 0.018440 0.635771 0.018440 0.635771 0.033250 0.630658 0.033250
0 0.600524 0.471425 0.604006 0.471425 0.604006 0.485901 0.600524 0.485901
0 0.661352 0.792854 0.671207 0.792854 0.671207 0.815949 0.661352 0.815949
0 0.706424 0.410662 0.729150 0.410662 0.729150 0.418996 0.706424 0.418996
0 0.427903 0.183634 0.456779 0.183634 0.456779 0.194488 0.427903 0.194488
0 0.809040 0.890205 0.819826 0.890205 0.819826 0.918524 0.809040 0.918524
0 0.739539 0.201430 0.753492 0.201430 0.753492 0.228639 0.739539 0.228639
0 0.476986 0.412537 0.500888 0.412537 0.500888 0.423122 0.476986 0.423122
0 0.932698 0.793028 0.941882 0.793028 0.941882 0.815979 0.932698 0.815979
0 0.889980 0.338767 0.899519 0.338767 0.899519 0.362622 0.889980 0.362622
0 0.259561 0.972849 0.287352 0.972849 0.287352 0.985214 0.259561 0.985214
0 0.428516 0.409553 0.457003 0.409553 0.457003 0.421408 0.428516 0.421408
0 0.785613 0.341019 0.817421 0.341019 0.817421 0.361172 0.785613 0.361172
0 0.429049 0.779665 0.457232 0.779665 0.457232 0.791976 0.429049 0.791976
0 0.739365 0.426975 0.753449 0.426975 0.753449 0.454653 0.739365 0.454653
0 0.744477 0.470986 0.750805 0.470986 0.750805 0.485782 0.744477 0.485782
0 0.546228 0.792069 0.556837 0.792069 0.556837 0.816471 0.546228 0.816471
0 0.427649 0.553923 0.458012 0.553923 0.458012 0.567170 0.427649 0.567170
0 0.935069 0.411489 0.957711 0.411489 0.957711 0.419939 0.935069 0.419939
0 0.820888 0.411809 0.843469 0.411809 0.843469 0.421248 0.820888 0.421248
0 0.427947 0.037843 0.458684 0.037843 0.458684 0.049038 0.427947 0.049038
0 0.852576 0.653529 0.866927 0.653529 0.866927 0.681551 0.852576 0.681551
0 0.390656 0.183387 0.418730 0.183387 0.418730 0.193461 0.390656 0.193461
0 0.594119 0.410118 0.616048 0.410118 0.616048 0.419470 0.594119 0.419470
0 0.593789 0.185816 0.616079 0.185816 0.616079 0.195556 0.593789 0.195556
0 0.427188 0.102355 0.457641 0.102355 0.457641 0.114308 0.427188 0.114308
0 0.019507 0.577908 0.048251 0.577908 0.048251 0.590664 0.019507 0.590664
0 0.427447 0.328102 0.457477 0.328102 0.457477 0.340293 0.427447 0.340293
0 0.706802 0.452050 0.729416 0.452050 0.729416 0.461201 0.706802 0.461201
0 0.670641 0.340838 0.703220 0.340838 0.703220 0.361259 0.670641 0.361259
0 0.390982 0.700005 0.418735 0.700005 0.418735 0.710644 0.390982 0.710644
0 0.744567 0.018909 0.749800 0.018909 0.749800 0.033552 0.744567 0.033552
0 0.476093 0.229337 0.501195 0.229337 0.501195 0.238217 0.476093 0.238217
0 0.020091 0.074603 0.048873 0.074603 0.048873 0.086369 0.020091 0.086369
0 0.739368 0.654063 0.753356 0.654063 0.753356 0.681750 0.739368 0.681750
0 0.820947 0.636709 0.843436 0.636709 0.843436 0.644953 0.820947 0.644953
0 0.744381 0.244258 0.749195 0.244258 0.749195 0.259587 0.744381 0.259587
0 0.390640 0.247115 0.418872 0.247115 0.418872 0.257642 0.390640 0.257642
0 0.935133 0.637439 0.957633 0.637439 0.957633 0.646939 0.935133 0.646939
0 0.019637 0.640210 0.047159 0.640210 0.047159 0.652562 0.019637 0.652562
0 0.258254 0.827736 0.288430 0.827736 0.288430 0.840266 0.258254 0.840266
0 0.258966 0.891587 0.287941 0.891587 0.287941 0.903308 0.258966 0.903308
0 0.426947 0.263842 0.457353 0.263842 0.457353 0.274709 0.426947 0.274709
0 0.427553 0.715387 0.457914 0.715387 0.457914 0.726903 0.427553 0.726903
0 0.706657 0.637000 0.729535 0.637000 0.729535 0.645583 0.706657 0.645583
0 0.744670 0.697792 0.750804 0.697792 0.750804 0.711728 0.744670 0.711728
0 0.427408 0.246743 0.457028 0.246743 0.457028 0.258348 0.427408 0.258348
0 0.973780 0.019315 0.979375 0.019315 0.979375 0.033109 0.973780 0.033109
0 0.820498 0.184556 0.843588 0.184556 0.843588 0.193293 0.820498 0.193293
0 0.427170 0.490429 0.457519 0.490429 0.457519 0.501064 0.427170 0.501064
0 0.629666 0.471344 0.635874 0.471344 0.635874 0.485923 0.629666 0.485923
0 0.705704 0.184254 0.728419 0.184254 0.728419 0.192907 0.705704 0.192907
0 0.973267 0.245533 0.979114 0.245533 0.979114 0.260469 0.973267 0.260469
0 0.821490 0.677954 0.843957 0.677954 0.843957 0.687498 0.821490 0.687498
0 0.717725 0.244950 0.743790 0.244950 0.743790 0.259072 0.717725 0.259072
0 0.592956 0.227883 0.616452 0.227883 0.616452 0.236552 0.592956 0.236552
0 0.427804 0.699444 0.457703 0.699444 0.457703 0.711927 0.427804 0.711927
0 0.510212 0.705581 0.525521 0.705581 0.525521 0.710209 0.510212 0.710209
0 0.509817 0.251923 0.524768 0.251923 0.524768 0.256448 0.509817 0.256448
0 0.820680 0.454113 0.844020 0.454113 0.844020 0.462843 0.820680 0.462843
0 0.629673 0.245215 0.635816 0.245215 0.635816 0.259842 0.629673 0.259842
0 0.259246 0.909159 0.288313 0.909159 0.288313 0.921250 0.259246 0.921250
0 0.593100 0.452191 0.616527 0.452191 0.616527 0.461980 0.593100 0.461980
0 0.368751 0.039454 0.371142 0.039454 0.371142 0.055506 0.368751 0.055506
0 0.398977 0.039882 0.401263 0.039882 0.401263 0.055202 0.398977 0.055202
0 0.600962 0.018308 0.604410 0.018308 0.604410 0.033168 0.600962 0.033168
0 0.715050 0.017760 0.718238 0.017760 0.718238 0.033925 0.715050 0.033925
0 0.859804 0.018343 0.864918 0.018343 0.864918 0.033153 0.859804 0.033153
0 0.829504 0.018018 0.832692 0.018018 0.832692 0.034184 0.829504 0.034184
0 0.944353 0.018636 0.947540 0.018636 0.947540 0.034802 0.944353 0.034802
0 0.473245 0.100155 0.553979 0.100155 0.553979 0.105922 0.473245 0.105922
0 0.476086 0.042244 0.555588 0.042244 0.555588 0.048926 0.476086 0.048926
0 0.587664 0.100045 0.668398 0.100045 0.668398 0.105812 0.587664 0.105812
0 0.589163 0.042402 0.669897 0.042402 0.669897 0.048169 0.589163 0.048169
0 0.587152 0.099533 0.667885 0.099533 0.667885 0.105299 0.587152 0.105299
0 0.702614 0.099868 0.783347 0.099868 0.783347 0.105635 0.702614 0.105635
0 0.703175 0.041378 0.784446 0.041378 0.784446 0.047363 0.703175 0.047363
0 0.817427 0.041619 0.899279 0.041619 0.899279 0.048718 0.817427 0.048718
0 0.817291 0.100121 0.898400 0.100121 0.898400 0.105598 0.817291 0.105598
0 0.509988 0.221868 0.524939 0.221868 0.524939 0.226393 0.509988 0.226393
0 0.534749 0.228699 0.551230 0.228699 0.551230 0.232240 0.534749 0.232240
0 0.535432 0.198132 0.551230 0.198132 0.551230 0.201503 0.535432 0.201503
0 0.623624 0.198019 0.639422 0.198019 0.639422 0.201389 0.623624 0.201389
0 0.623810 0.228902 0.639607 0.228902 0.639607 0.232272 0.623810 0.232272
0 0.738414 0.228688 0.754212 0.228688 0.754212 0.232059 0.738414 0.232059
0 0.738899 0.197877 0.754696 0.197877 0.754696 0.201248 0.738899 0.201248
0 0.853115 0.197728 0.868913 0.197728 0.868913 0.201099 0.853115 0.201099
0 0.853255 0.228642 0.869053 0.228642 0.869053 0.232012 0.853255 0.232012
0 0.967379 0.198671 0.983177 0.198671 0.983177 0.202042 0.967379 0.202042
0 0.968070 0.229486 0.983867 0.229486 0.983867 0.232856 0.968070 0.232856
0 0.859135 0.244295 0.863949 0.244295 0.863949 0.259624 0.859135 0.259624
0 0.714249 0.244218 0.717579 0.244218 0.717579 0.259624 0.714249 0.259624
0 0.828458 0.244144 0.832418 0.244144 0.832418 0.259736 0.828458 0.259736
0 0.600331 0.244180 0.604284 0.244180 0.604284 0.259895 0.600331 0.259895
0 0.817384 0.325523 0.897361 0.325523 0.897361 0.331866 0.817384 0.331866
0 0.816590 0.267729 0.897924 0.267729 0.897924 0.274162 0.816590 0.274162
0 0.702359 0.268061 0.783643 0.268061 0.783643 0.274444 0.702359 0.274444
0 0.702551 0.325956 0.783080 0.325956 0.783080 0.332007 0.702551 0.332007
0 0.588883 0.326148 0.669412 0.326148 0.669412 0.332198 0.588883 0.332198
0 0.588230 0.268213 0.668759 0.268213 0.668759 0.274264 0.588230 0.274264
0 0.473527 0.325354 0.554658 0.325354 0.554658 0.332007 0.473527 0.332007
0 0.474844 0.267982 0.554658 0.267982 0.554658 0.274585 0.474844 0.274585
0 0.397761 0.264881 0.402688 0.264881 0.402688 0.280075 0.397761 0.280075
0 0.367542 0.265083 0.370107 0.265083 0.370107 0.279959 0.367542 0.279959
0 0.427958 0.473920 0.457811 0.473920 0.457811 0.485124 0.427958 0.485124
0 0.365258 0.194587 0.380117 0.194587 0.380117 0.198125 0.365258 0.198125
0 0.364180 0.224643 0.379834 0.224643 0.379834 0.228552 0.364180 0.228552
0 0.363618 0.421048 0.379985 0.421048 0.379985 0.425303 0.363618 0.425303
0 0.364288 0.451076 0.379887 0.451076 0.379887 0.455450 0.364288 0.455450
0 0.398791 0.491508 0.401530 0.491508 0.401530 0.508301 0.398791 0.508301
0 0.367166 0.491816 0.369702 0.491816 0.369702 0.508491 0.367166 0.508491
0 0.829438 0.471334 0.832641 0.471334 0.832641 0.486305 0.829438 0.486305
0 0.859284 0.471268 0.862698 0.471268 0.862698 0.486178 0.859284 0.486178
0 0.942854 0.471409 0.947334 0.471409 0.947334 0.487218 0.942854 0.487218
0 0.475039 0.494642 0.554497 0.494642 0.554497 0.500653 0.475039 0.500653
0 0.474004 0.552808 0.555019 0.552808 0.555019 0.558940 0.474004 0.558940
0 0.588225 0.495044 0.669110 0.495044 0.669110 0.501568 0.588225 0.501568
0 0.587712 0.552819 0.669502 0.552819 0.669502 0.558679 0.587712 0.558679
0 0.702989 0.552568 0.783592 0.552568 0.783592 0.558417 0.702989 0.558417
0 0.702869 0.494684 0.784115 0.494684 0.784115 0.501307 0.702869 0.501307
0 0.817612 0.553362 0.898205 0.553362 0.898205 0.558548 0.817612 0.558548
0 0.817362 0.494694 0.898205 0.494694 0.898205 0.501176 0.817362 0.501176
0 0.364836 0.648009 0.380427 0.648009 0.380427 0.652166 0.364836 0.652166
0 0.364843 0.678160 0.379833 0.678160 0.379833 0.682013 0.364843 0.682013
0 0.510331 0.674535 0.525559 0.674535 0.525559 0.678335 0.510331 0.678335
0 0.536282 0.682110 0.550177 0.682110 0.550177 0.685320 0.536282 0.685320
0 0.536317 0.651762 0.550141 0.651762 0.550141 0.654745 0.536317 0.654745
0 0.398940 0.718247 0.401380 0.718247 0.401380 0.734441 0.398940 0.734441
0 0.367808 0.718179 0.370786 0.718179 0.370786 0.734418 0.367808 0.734418
0 0.475753 0.721588 0.554864 0.721588 0.554864 0.726605 0.475753 0.726605
0 0.473899 0.779380 0.554986 0.779380 0.554986 0.785275 0.473899 0.785275
0 0.588653 0.780634 0.669406 0.780634 0.669406 0.785004 0.588653 0.785004
0 0.588519 0.721296 0.669737 0.721296 0.669737 0.727592 0.588519 0.727592
0 0.702721 0.720894 0.783900 0.720894 0.783900 0.728033 0.702721 0.728033
0 0.702860 0.779373 0.784010 0.779373 0.784010 0.785004 0.702860 0.785004
0 0.817725 0.778640 0.898393 0.778640 0.898393 0.784783 0.817725 0.784783
0 0.817323 0.720384 0.898835 0.720384 0.898835 0.727260 0.817323 0.727260
0 0.943543 0.698202 0.946845 0.698202 0.946845 0.713211 0.943543 0.713211
0 0.715262 0.697960 0.718485 0.697960 0.718485 0.712972 0.715262 0.712972
0 0.829316 0.697606 0.832618 0.697606 0.832618 0.712615 0.829316 0.712615
0 0.858701 0.697430 0.864267 0.697430 0.864267 0.712510 0.858701 0.712510
0 0.851630 0.650132 0.868342 0.650132 0.868342 0.653457 0.851630 0.653457
0 0.850886 0.681378 0.867647 0.681378 0.867647 0.684403 0.850886 0.684403
0 0.967833 0.651359 0.983319 0.651359 0.983319 0.655195 0.967833 0.655195
0 0.967900 0.682372 0.983435 0.682372 0.983435 0.685446 0.967900 0.685446
0 0.738201 0.681622 0.754795 0.681622 0.754795 0.685088 0.738201 0.685088
0 0.738782 0.650429 0.754449 0.650429 0.754449 0.654005 0.738782 0.654005
0 0.624334 0.651029 0.640490 0.651029 0.640490 0.653901 0.624334 0.653901
0 0.623580 0.681768 0.640283 0.681768 0.640283 0.684853 0.623580 0.684853
0 0.509933 0.447820 0.526355 0.447820 0.526355 0.452620 0.509933 0.452620
0 0.508976 0.478401 0.526059 0.478401 0.526059 0.483713 0.508976 0.483713
0 0.535979 0.423896 0.551674 0.423896 0.551674 0.428338 0.535979 0.428338
0 0.535615 0.455809 0.551674 0.455809 0.551674 0.460171 0.535615 0.460171
0 0.623940 0.455149 0.639615 0.455149 0.639615 0.458748 0.623940 0.458748
0 0.624127 0.424198 0.639922 0.424198 0.639922 0.427409 0.624127 0.427409
0 0.738482 0.454778 0.754157 0.454778 0.754157 0.458378 0.738482 0.458378
0 0.738819 0.423274 0.754494 0.423274 0.754494 0.426873 0.738819 0.426873
0 0.853165 0.454974 0.868920 0.454974 0.868920 0.458660 0.853165 0.458660
0 0.853502 0.423044 0.869424 0.423044 0.869424 0.427050 0.853502 0.427050
0 0.967056 0.456187 0.983031 0.456187 0.983031 0.458923 0.967056 0.458923
0 0.967362 0.424668 0.983296 0.424668 0.983296 0.428065 0.967362 0.428065
0 0.714457 0.471294 0.718344 0.471294 0.718344 0.486309 0.714457 0.486309
0 0.941817 0.244889 0.947065 0.244889 0.947065 0.260549 0.941817 0.260549
0 0.600041 0.697664 0.604443 0.697664 0.604443 0.712657 0.600041 0.712657
